
 myGMH
 James H. Thorpe
 Stanton group, UF

 Reading input file
 Number of states:            3

 ----------------------------------------------
                   COUPLINGS                   

 Coupling matrix:
           1           1           1
           1           1           1
           1           1           1

 ----------------------------------------------
                   ADIABATS                    

 Adiabatic energies:
   0.0000000000   0.0000000000   0.0000000000
   0.0000000000  10.0000000000   0.0000000000
   0.0000000000   0.0000000000  20.0000000000

 ----------------------------------------------
                   DIPOLES                     

 X component of dipole moments:
   2.0000000000   2.0000000000   4.0000000000
   2.0000000000   3.0000000000   5.0000000000
   4.0000000000   5.0000000000   6.0000000000

 Y component of dipole moments:
   2.0000000000   2.0000000000   4.0000000000
   2.0000000000   3.0000000000   5.0000000000
   4.0000000000   5.0000000000   6.0000000000

 Z component of dipole moments:
   2.0000000000   2.0000000000   4.0000000000
   2.0000000000   3.0000000000   5.0000000000
   4.0000000000   5.0000000000   6.0000000000

 Average adiabat dipole differences vector:
  X:  -2.6666666667
  Y:  -2.6666666667
  Z:  -2.6666666667

 Dipoles projected on <Δμ12> :
  -3.4641016151  -3.4641016151  -6.9282032303
  -3.4641016151  -5.1961524227  -8.6602540378
  -6.9282032303  -8.6602540378 -10.3923048454

 ----------------------------------------------
                   DIABATS                     

 Calculating diabatic Hamiltonian

 Diagonalizing dipole matrix to μab = 0

 Fully Diagonalized μ matrix:
  -0.7616796994   0.0000000000   0.0000000000
   0.0000000000   2.0156919227   0.0000000000
   0.0000000000   0.0000000000 -20.3065711066

 Fully Diabatic Hamiltonian
   4.0539730660  -3.8431460093  -3.0651082466
  -3.8431460093  12.1024937465  -6.9685800834
  -3.0651082466  -6.9685800834  13.8435331875
 ----------------------------------------------
                GMH DIABATS                    

 GMH (locally-adiabatic) Diabatic Hamiltonian
   4.0539730660  -3.8431460093  -3.0651082466
  -3.8431460093  12.1024937465  -6.9685800834
  -3.0651082466  -6.9685800834  13.8435331875

 Original Adiabatic Hamiltonian
   0.0000000000   0.0000000000   0.0000000000
   0.0000000000  10.0000000000   0.0000000000
   0.0000000000   0.0000000000  20.0000000000

 GMH Dipole Matrix
  -0.7616796994   0.0000000000   0.0000000000
   0.0000000000   2.0156919227   0.0000000000
   0.0000000000   0.0000000000 -20.3065711066

 Original Dipole Matrix
  -3.4641016151  -3.4641016151  -6.9282032303
  -3.4641016151  -5.1961524227  -8.6602540378
  -6.9282032303  -8.6602540378 -10.3923048454

