
 myGMH
 James H. Thorpe
 Stanton group, UF

 Reading input file
 Number of states:            3

 ----------------------------------------------
                   COUPLINGS                   

 Coupling matrix:
           1           1           1
           1           1           1
           1           1           1

 ----------------------------------------------
                   ADIABATS                    

 Adiabatic energies:
   0.0000000000   0.0000000000   0.0000000000
   0.0000000000  10.0000000000   0.0000000000
   0.0000000000   0.0000000000  20.0000000000

 ----------------------------------------------
                   DIPOLES                     

 X component of dipole moments:
   2.0000000000   2.0000000000   4.0000000000
   2.0000000000   3.0000000000   5.0000000000
   4.0000000000   5.0000000000   6.0000000000

 Y component of dipole moments:
   2.0000000000   2.0000000000   4.0000000000
   2.0000000000   3.0000000000   5.0000000000
   4.0000000000   5.0000000000   6.0000000000

 Z component of dipole moments:
   2.0000000000   2.0000000000   4.0000000000
   2.0000000000   3.0000000000   5.0000000000
   4.0000000000   5.0000000000   6.0000000000

 Average adiabat dipole differences vector:
  X:  -2.6666666667
  Y:  -2.6666666667
  Z:  -2.6666666667

 Dipoles projected on <Δμ12> :
  -3.4641016151  -3.4641016151  -6.9282032303
  -3.4641016151  -5.1961524227  -8.6602540378
  -6.9282032303  -8.6602540378 -10.3923048454

 ----------------------------------------------
                   DIABATS                     

 Calculating diabatic Hamiltonian

 Diagonalizing dipole matrix to μab = 0

 Eigenvalues matrix:
  -20.306571106619650        0.0000000000000000        0.0000000000000000     
   0.0000000000000000      -0.76167969937009994        0.0000000000000000     
   0.0000000000000000        0.0000000000000000        2.0156919227321013     

 Unitary Transform Matrix
 -0.41408581496307467       0.77129814421098486      -0.48335505643683618     
 -0.52221887838531067      -0.63623976524274084      -0.56787886400345089     
 -0.74553362157876846        1.7266553233139140E-002  0.66624431347298751     

 Fully Diagonalized μ matrix:
  -3.4641016151  -3.4641016151  -6.9282032303
  -3.4641016151  -5.1961524227  -8.6602540378
  -6.9282032303  -8.6602540378 -10.3923048454

 Transformation matrix:
  -0.4140858150   0.7712981442  -0.4833550564
  -0.5222188784  -0.6362397652  -0.5678788640
  -0.7455336216   0.0172665532   0.6662443135

 Fully Diabatic Hamiltonian
  13.8435331875   3.0651082466  -6.9685800834
   3.0651082466   4.0539730660   3.8431460093
  -6.9685800834   3.8431460093  12.1024937465
 ----------------------------------------------
                GMH DIABATS                    

 GMH (locally-adiabatic) Diabatic Hamiltonian
  13.8435331875   3.0651082466  -6.9685800834
   3.0651082466   4.0539730660   3.8431460093
  -6.9685800834   3.8431460093  12.1024937465

 Original Adiabatic Hamiltonian
   0.0000000000   0.0000000000   0.0000000000
   0.0000000000  10.0000000000   0.0000000000
   0.0000000000   0.0000000000  20.0000000000

 GMH Dipole Matrix
  -3.4641016151  -3.4641016151  -6.9282032303
  -3.4641016151  -5.1961524227  -8.6602540378
  -6.9282032303  -8.6602540378 -10.3923048454

 Original Dipole Matrix
  -3.4641016151  -3.4641016151  -6.9282032303
  -3.4641016151  -5.1961524227  -8.6602540378
  -6.9282032303  -8.6602540378 -10.3923048454

